Object target_obj_0: 
THomogenous T [[ 1.83717944e-04  9.82979080e-04  8.40543954e-11 -7.14141410e-03]
 [ 9.82979080e-04 -1.83717944e-04  9.25584553e-10 -1.91758871e-01]
 [ 9.25272470e-10 -8.74227774e-11 -1.00000005e-03  4.49999869e-02]
 [ 0.00000000e+00  0.00000000e+00  0.00000000e+00  1.00000000e+00]]
Object target_obj_1: 
THomogenous T [[ 2.98066821e-04 -2.76943413e-10  9.54545045e-04  1.95562854e-01]
 [ 9.54545045e-04 -2.33665004e-10 -2.98066821e-04  1.38436025e-03]
 [ 3.05591413e-10  1.00000005e-03  1.94707195e-10  4.04999964e-02]
 [ 0.00000000e+00  0.00000000e+00  0.00000000e+00  1.00000000e+00]]
Object target_obj_2: 
THomogenous T [[ 5.26231714e-04  4.26095999e-11  8.50341225e-04  1.06848620e-01]
 [-8.50341225e-04  7.46158066e-11  5.26231714e-04  9.76758525e-02]
 [-4.10263733e-11 -1.00000005e-03  7.54979065e-11  4.04999927e-02]
 [ 0.00000000e+00  0.00000000e+00  0.00000000e+00  1.00000000e+00]]
Object target_obj_3: 
THomogenous T [[-3.49689508e-04  1.19160862e-10  9.36865748e-04 -2.02943996e-01]
 [-9.36865748e-04  1.03348281e-10 -3.49689508e-04  2.10610703e-01]
 [-1.38492759e-10 -1.00000005e-03  7.54979065e-11  4.04999927e-02]
 [ 0.00000000e+00  0.00000000e+00  0.00000000e+00  1.00000000e+00]]
Object target_obj_4: 
THomogenous T [[ 8.94566416e-04 -4.46935155e-04 -1.95033472e-17  1.01826089e-02]
 [ 4.46935155e-04  8.94566416e-04 -7.52853141e-18  1.03328742e-01]
 [ 2.08118030e-17 -1.98196011e-18  1.00000005e-03  9.99998301e-04]
 [ 0.00000000e+00  0.00000000e+00  0.00000000e+00  1.00000000e+00]]
Object target_obj_0: 
THomogenous T [[ 1.83717944e-04  9.82979080e-04  8.40543954e-11 -7.14141410e-03]
 [ 9.82979080e-04 -1.83717944e-04  9.25584553e-10 -1.91758871e-01]
 [ 9.25272470e-10 -8.74227774e-11 -1.00000005e-03  4.49999869e-02]
 [ 0.00000000e+00  0.00000000e+00  0.00000000e+00  1.00000000e+00]]
Object target_obj_1: 
THomogenous T [[ 2.98066821e-04 -2.76943413e-10  9.54545045e-04  1.95562854e-01]
 [ 9.54545045e-04 -2.33665004e-10 -2.98066821e-04  1.38436025e-03]
 [ 3.05591413e-10  1.00000005e-03  1.94707195e-10  4.04999964e-02]
 [ 0.00000000e+00  0.00000000e+00  0.00000000e+00  1.00000000e+00]]
Object target_obj_2: 
THomogenous T [[ 5.26231714e-04  4.26095999e-11  8.50341225e-04  1.06848620e-01]
 [-8.50341225e-04  7.46158066e-11  5.26231714e-04  9.76758525e-02]
 [-4.10263733e-11 -1.00000005e-03  7.54979065e-11  4.04999927e-02]
 [ 0.00000000e+00  0.00000000e+00  0.00000000e+00  1.00000000e+00]]
Object target_obj_3: 
THomogenous T [[-3.49689508e-04  1.19160862e-10  9.36865748e-04 -2.02943996e-01]
 [-9.36865748e-04  1.03348281e-10 -3.49689508e-04  2.10610703e-01]
 [-1.38492759e-10 -1.00000005e-03  7.54979065e-11  4.04999927e-02]
 [ 0.00000000e+00  0.00000000e+00  0.00000000e+00  1.00000000e+00]]
Object target_obj_4: 
THomogenous T [[ 8.94566416e-04 -4.46935155e-04 -1.95033472e-17  1.01826089e-02]
 [ 4.46935155e-04  8.94566416e-04 -7.52853141e-18  1.03328742e-01]
 [ 2.08118030e-17 -1.98196011e-18  1.00000005e-03  9.99998301e-04]
 [ 0.00000000e+00  0.00000000e+00  0.00000000e+00  1.00000000e+00]]
Object target_obj_0: 
THomogenous T [[ 1.83717944e-04  9.82979080e-04  8.40543954e-11 -7.14141410e-03]
 [ 9.82979080e-04 -1.83717944e-04  9.25584553e-10 -1.91758871e-01]
 [ 9.25272470e-10 -8.74227774e-11 -1.00000005e-03  4.49999869e-02]
 [ 0.00000000e+00  0.00000000e+00  0.00000000e+00  1.00000000e+00]]
Object target_obj_1: 
THomogenous T [[ 2.98066821e-04 -2.76943413e-10  9.54545045e-04  1.95562854e-01]
 [ 9.54545045e-04 -2.33665004e-10 -2.98066821e-04  1.38436025e-03]
 [ 3.05591413e-10  1.00000005e-03  1.94707195e-10  4.04999964e-02]
 [ 0.00000000e+00  0.00000000e+00  0.00000000e+00  1.00000000e+00]]
Object target_obj_2: 
THomogenous T [[ 5.26231714e-04  4.26095999e-11  8.50341225e-04  1.06848620e-01]
 [-8.50341225e-04  7.46158066e-11  5.26231714e-04  9.76758525e-02]
 [-4.10263733e-11 -1.00000005e-03  7.54979065e-11  4.04999927e-02]
 [ 0.00000000e+00  0.00000000e+00  0.00000000e+00  1.00000000e+00]]
Object target_obj_3: 
THomogenous T [[-3.49689508e-04  1.19160862e-10  9.36865748e-04 -2.02943996e-01]
 [-9.36865748e-04  1.03348281e-10 -3.49689508e-04  2.10610703e-01]
 [-1.38492759e-10 -1.00000005e-03  7.54979065e-11  4.04999927e-02]
 [ 0.00000000e+00  0.00000000e+00  0.00000000e+00  1.00000000e+00]]
Object target_obj_4: 
THomogenous T [[ 8.94566416e-04 -4.46935155e-04 -1.95033472e-17  1.01826089e-02]
 [ 4.46935155e-04  8.94566416e-04 -7.52853141e-18  1.03328742e-01]
 [ 2.08118030e-17 -1.98196011e-18  1.00000005e-03  9.99998301e-04]
 [ 0.00000000e+00  0.00000000e+00  0.00000000e+00  1.00000000e+00]]
Object target_obj_0: 
THomogenous T [[ 1.83717944e-04  9.82979080e-04  8.40543954e-11 -7.14141410e-03]
 [ 9.82979080e-04 -1.83717944e-04  9.25584553e-10 -1.91758871e-01]
 [ 9.25272470e-10 -8.74227774e-11 -1.00000005e-03  4.49999869e-02]
 [ 0.00000000e+00  0.00000000e+00  0.00000000e+00  1.00000000e+00]]
Object target_obj_1: 
THomogenous T [[ 2.98066821e-04 -2.76943413e-10  9.54545045e-04  1.95562854e-01]
 [ 9.54545045e-04 -2.33665004e-10 -2.98066821e-04  1.38436025e-03]
 [ 3.05591413e-10  1.00000005e-03  1.94707195e-10  4.04999964e-02]
 [ 0.00000000e+00  0.00000000e+00  0.00000000e+00  1.00000000e+00]]
Object target_obj_2: 
THomogenous T [[ 5.26231714e-04  4.26095999e-11  8.50341225e-04  1.06848620e-01]
 [-8.50341225e-04  7.46158066e-11  5.26231714e-04  9.76758525e-02]
 [-4.10263733e-11 -1.00000005e-03  7.54979065e-11  4.04999927e-02]
 [ 0.00000000e+00  0.00000000e+00  0.00000000e+00  1.00000000e+00]]
Object target_obj_3: 
THomogenous T [[-3.49689508e-04  1.19160862e-10  9.36865748e-04 -2.02943996e-01]
 [-9.36865748e-04  1.03348281e-10 -3.49689508e-04  2.10610703e-01]
 [-1.38492759e-10 -1.00000005e-03  7.54979065e-11  4.04999927e-02]
 [ 0.00000000e+00  0.00000000e+00  0.00000000e+00  1.00000000e+00]]
Object target_obj_4: 
THomogenous T [[ 8.94566416e-04 -4.46935155e-04 -1.95033472e-17  1.01826089e-02]
 [ 4.46935155e-04  8.94566416e-04 -7.52853141e-18  1.03328742e-01]
 [ 2.08118030e-17 -1.98196011e-18  1.00000005e-03  9.99998301e-04]
 [ 0.00000000e+00  0.00000000e+00  0.00000000e+00  1.00000000e+00]]
Object target_obj_0: 
THomogenous T [[ 1.83717944e-04  9.82979080e-04  8.40543954e-11 -7.14141410e-03]
 [ 9.82979080e-04 -1.83717944e-04  9.25584553e-10 -1.91758871e-01]
 [ 9.25272470e-10 -8.74227774e-11 -1.00000005e-03  4.49999869e-02]
 [ 0.00000000e+00  0.00000000e+00  0.00000000e+00  1.00000000e+00]]
Object target_obj_1: 
THomogenous T [[ 2.98066821e-04 -2.76943413e-10  9.54545045e-04  1.95562854e-01]
 [ 9.54545045e-04 -2.33665004e-10 -2.98066821e-04  1.38436025e-03]
 [ 3.05591413e-10  1.00000005e-03  1.94707195e-10  4.04999964e-02]
 [ 0.00000000e+00  0.00000000e+00  0.00000000e+00  1.00000000e+00]]
Object target_obj_2: 
THomogenous T [[ 5.26231714e-04  4.26095999e-11  8.50341225e-04  1.06848620e-01]
 [-8.50341225e-04  7.46158066e-11  5.26231714e-04  9.76758525e-02]
 [-4.10263733e-11 -1.00000005e-03  7.54979065e-11  4.04999927e-02]
 [ 0.00000000e+00  0.00000000e+00  0.00000000e+00  1.00000000e+00]]
Object target_obj_3: 
THomogenous T [[-3.49689508e-04  1.19160862e-10  9.36865748e-04 -2.02943996e-01]
 [-9.36865748e-04  1.03348281e-10 -3.49689508e-04  2.10610703e-01]
 [-1.38492759e-10 -1.00000005e-03  7.54979065e-11  4.04999927e-02]
 [ 0.00000000e+00  0.00000000e+00  0.00000000e+00  1.00000000e+00]]
Object target_obj_4: 
THomogenous T [[ 8.94566416e-04 -4.46935155e-04 -1.95033472e-17  1.01826089e-02]
 [ 4.46935155e-04  8.94566416e-04 -7.52853141e-18  1.03328742e-01]
 [ 2.08118030e-17 -1.98196011e-18  1.00000005e-03  9.99998301e-04]
 [ 0.00000000e+00  0.00000000e+00  0.00000000e+00  1.00000000e+00]]
Object target_obj_0: 
THomogenous T [[ 1.83717944e-04  9.82979080e-04  8.40543954e-11 -7.14141410e-03]
 [ 9.82979080e-04 -1.83717944e-04  9.25584553e-10 -1.91758871e-01]
 [ 9.25272470e-10 -8.74227774e-11 -1.00000005e-03  4.49999869e-02]
 [ 0.00000000e+00  0.00000000e+00  0.00000000e+00  1.00000000e+00]]
Object target_obj_1: 
THomogenous T [[ 2.98066821e-04 -2.76943413e-10  9.54545045e-04  1.95562854e-01]
 [ 9.54545045e-04 -2.33665004e-10 -2.98066821e-04  1.38436025e-03]
 [ 3.05591413e-10  1.00000005e-03  1.94707195e-10  4.04999964e-02]
 [ 0.00000000e+00  0.00000000e+00  0.00000000e+00  1.00000000e+00]]
Object target_obj_2: 
THomogenous T [[ 5.26231714e-04  4.26095999e-11  8.50341225e-04  1.06848620e-01]
 [-8.50341225e-04  7.46158066e-11  5.26231714e-04  9.76758525e-02]
 [-4.10263733e-11 -1.00000005e-03  7.54979065e-11  4.04999927e-02]
 [ 0.00000000e+00  0.00000000e+00  0.00000000e+00  1.00000000e+00]]
Object target_obj_3: 
THomogenous T [[-3.49689508e-04  1.19160862e-10  9.36865748e-04 -2.02943996e-01]
 [-9.36865748e-04  1.03348281e-10 -3.49689508e-04  2.10610703e-01]
 [-1.38492759e-10 -1.00000005e-03  7.54979065e-11  4.04999927e-02]
 [ 0.00000000e+00  0.00000000e+00  0.00000000e+00  1.00000000e+00]]
Object target_obj_4: 
THomogenous T [[ 8.94566416e-04 -4.46935155e-04 -1.95033472e-17  1.01826089e-02]
 [ 4.46935155e-04  8.94566416e-04 -7.52853141e-18  1.03328742e-01]
 [ 2.08118030e-17 -1.98196011e-18  1.00000005e-03  9.99998301e-04]
 [ 0.00000000e+00  0.00000000e+00  0.00000000e+00  1.00000000e+00]]
Object target_obj_0: 
THomogenous T [[ 1.83717944e-04  9.82979080e-04  8.40543954e-11 -7.14141410e-03]
 [ 9.82979080e-04 -1.83717944e-04  9.25584553e-10 -1.91758871e-01]
 [ 9.25272470e-10 -8.74227774e-11 -1.00000005e-03  4.49999869e-02]
 [ 0.00000000e+00  0.00000000e+00  0.00000000e+00  1.00000000e+00]]
Object target_obj_1: 
THomogenous T [[ 2.98066821e-04 -2.76943413e-10  9.54545045e-04  1.95562854e-01]
 [ 9.54545045e-04 -2.33665004e-10 -2.98066821e-04  1.38436025e-03]
 [ 3.05591413e-10  1.00000005e-03  1.94707195e-10  4.04999964e-02]
 [ 0.00000000e+00  0.00000000e+00  0.00000000e+00  1.00000000e+00]]
Object target_obj_2: 
THomogenous T [[ 5.26231714e-04  4.26095999e-11  8.50341225e-04  1.06848620e-01]
 [-8.50341225e-04  7.46158066e-11  5.26231714e-04  9.76758525e-02]
 [-4.10263733e-11 -1.00000005e-03  7.54979065e-11  4.04999927e-02]
 [ 0.00000000e+00  0.00000000e+00  0.00000000e+00  1.00000000e+00]]
Object target_obj_3: 
THomogenous T [[-3.49689508e-04  1.19160862e-10  9.36865748e-04 -2.02943996e-01]
 [-9.36865748e-04  1.03348281e-10 -3.49689508e-04  2.10610703e-01]
 [-1.38492759e-10 -1.00000005e-03  7.54979065e-11  4.04999927e-02]
 [ 0.00000000e+00  0.00000000e+00  0.00000000e+00  1.00000000e+00]]
Object target_obj_4: 
THomogenous T [[ 8.94566416e-04 -4.46935155e-04 -1.95033472e-17  1.01826089e-02]
 [ 4.46935155e-04  8.94566416e-04 -7.52853141e-18  1.03328742e-01]
 [ 2.08118030e-17 -1.98196011e-18  1.00000005e-03  9.99998301e-04]
 [ 0.00000000e+00  0.00000000e+00  0.00000000e+00  1.00000000e+00]]
Object target_obj_0: 
THomogenous T [[ 1.83717944e-04  9.82979080e-04  8.40543954e-11 -7.14141410e-03]
 [ 9.82979080e-04 -1.83717944e-04  9.25584553e-10 -1.91758871e-01]
 [ 9.25272470e-10 -8.74227774e-11 -1.00000005e-03  4.49999869e-02]
 [ 0.00000000e+00  0.00000000e+00  0.00000000e+00  1.00000000e+00]]
Object target_obj_1: 
THomogenous T [[ 2.98066821e-04 -2.76943413e-10  9.54545045e-04  1.95562854e-01]
 [ 9.54545045e-04 -2.33665004e-10 -2.98066821e-04  1.38436025e-03]
 [ 3.05591413e-10  1.00000005e-03  1.94707195e-10  4.04999964e-02]
 [ 0.00000000e+00  0.00000000e+00  0.00000000e+00  1.00000000e+00]]
Object target_obj_2: 
THomogenous T [[ 5.26231714e-04  4.26095999e-11  8.50341225e-04  1.06848620e-01]
 [-8.50341225e-04  7.46158066e-11  5.26231714e-04  9.76758525e-02]
 [-4.10263733e-11 -1.00000005e-03  7.54979065e-11  4.04999927e-02]
 [ 0.00000000e+00  0.00000000e+00  0.00000000e+00  1.00000000e+00]]
Object target_obj_3: 
THomogenous T [[-3.49689508e-04  1.19160862e-10  9.36865748e-04 -2.02943996e-01]
 [-9.36865748e-04  1.03348281e-10 -3.49689508e-04  2.10610703e-01]
 [-1.38492759e-10 -1.00000005e-03  7.54979065e-11  4.04999927e-02]
 [ 0.00000000e+00  0.00000000e+00  0.00000000e+00  1.00000000e+00]]
Object target_obj_4: 
THomogenous T [[ 8.94566416e-04 -4.46935155e-04 -1.95033472e-17  1.01826089e-02]
 [ 4.46935155e-04  8.94566416e-04 -7.52853141e-18  1.03328742e-01]
 [ 2.08118030e-17 -1.98196011e-18  1.00000005e-03  9.99998301e-04]
 [ 0.00000000e+00  0.00000000e+00  0.00000000e+00  1.00000000e+00]]
Object target_obj_0: 
THomogenous T [[ 1.83717944e-04  9.82979080e-04  8.40543954e-11 -7.14141410e-03]
 [ 9.82979080e-04 -1.83717944e-04  9.25584553e-10 -1.91758871e-01]
 [ 9.25272470e-10 -8.74227774e-11 -1.00000005e-03  4.49999869e-02]
 [ 0.00000000e+00  0.00000000e+00  0.00000000e+00  1.00000000e+00]]
Object target_obj_1: 
THomogenous T [[ 2.98066821e-04 -2.76943413e-10  9.54545045e-04  1.95562854e-01]
 [ 9.54545045e-04 -2.33665004e-10 -2.98066821e-04  1.38436025e-03]
 [ 3.05591413e-10  1.00000005e-03  1.94707195e-10  4.04999964e-02]
 [ 0.00000000e+00  0.00000000e+00  0.00000000e+00  1.00000000e+00]]
Object target_obj_2: 
THomogenous T [[ 5.26231714e-04  4.26095999e-11  8.50341225e-04  1.06848620e-01]
 [-8.50341225e-04  7.46158066e-11  5.26231714e-04  9.76758525e-02]
 [-4.10263733e-11 -1.00000005e-03  7.54979065e-11  4.04999927e-02]
 [ 0.00000000e+00  0.00000000e+00  0.00000000e+00  1.00000000e+00]]
Object target_obj_3: 
THomogenous T [[-3.49689508e-04  1.19160862e-10  9.36865748e-04 -2.02943996e-01]
 [-9.36865748e-04  1.03348281e-10 -3.49689508e-04  2.10610703e-01]
 [-1.38492759e-10 -1.00000005e-03  7.54979065e-11  4.04999927e-02]
 [ 0.00000000e+00  0.00000000e+00  0.00000000e+00  1.00000000e+00]]
Object target_obj_4: 
THomogenous T [[ 8.94566416e-04 -4.46935155e-04 -1.95033472e-17  1.01826089e-02]
 [ 4.46935155e-04  8.94566416e-04 -7.52853141e-18  1.03328742e-01]
 [ 2.08118030e-17 -1.98196011e-18  1.00000005e-03  9.99998301e-04]
 [ 0.00000000e+00  0.00000000e+00  0.00000000e+00  1.00000000e+00]]
Object target_obj_0: 
THomogenous T [[ 1.83717944e-04  9.82979080e-04  8.40543954e-11 -7.14141410e-03]
 [ 9.82979080e-04 -1.83717944e-04  9.25584553e-10 -1.91758871e-01]
 [ 9.25272470e-10 -8.74227774e-11 -1.00000005e-03  4.49999869e-02]
 [ 0.00000000e+00  0.00000000e+00  0.00000000e+00  1.00000000e+00]]
Object target_obj_1: 
THomogenous T [[ 2.98066821e-04 -2.76943413e-10  9.54545045e-04  1.95562854e-01]
 [ 9.54545045e-04 -2.33665004e-10 -2.98066821e-04  1.38436025e-03]
 [ 3.05591413e-10  1.00000005e-03  1.94707195e-10  4.04999964e-02]
 [ 0.00000000e+00  0.00000000e+00  0.00000000e+00  1.00000000e+00]]
Object target_obj_2: 
THomogenous T [[ 5.26231714e-04  4.26095999e-11  8.50341225e-04  1.06848620e-01]
 [-8.50341225e-04  7.46158066e-11  5.26231714e-04  9.76758525e-02]
 [-4.10263733e-11 -1.00000005e-03  7.54979065e-11  4.04999927e-02]
 [ 0.00000000e+00  0.00000000e+00  0.00000000e+00  1.00000000e+00]]
Object target_obj_3: 
THomogenous T [[-3.49689508e-04  1.19160862e-10  9.36865748e-04 -2.02943996e-01]
 [-9.36865748e-04  1.03348281e-10 -3.49689508e-04  2.10610703e-01]
 [-1.38492759e-10 -1.00000005e-03  7.54979065e-11  4.04999927e-02]
 [ 0.00000000e+00  0.00000000e+00  0.00000000e+00  1.00000000e+00]]
Object target_obj_4: 
THomogenous T [[ 8.94566416e-04 -4.46935155e-04 -1.95033472e-17  1.01826089e-02]
 [ 4.46935155e-04  8.94566416e-04 -7.52853141e-18  1.03328742e-01]
 [ 2.08118030e-17 -1.98196011e-18  1.00000005e-03  9.99998301e-04]
 [ 0.00000000e+00  0.00000000e+00  0.00000000e+00  1.00000000e+00]]
